---------------
ci-management
0
0
0
0
0
0
3
2
0
10
12
0
0
2
0
13
0
0
4
2
5
8
8
4
4
10
2
2
2
0
2
15
8
2
5
3
0
0
0
3
1
0
0
18
0
3
9
4
0
27
0
2
---------------
core-command
0
0
0
0
0
0
3
0
0
0
2
0
0
0
0
0
2
0
1
3
2
1
5
4
7
0
0
4
1
2
0
1
0
0
0
2
0
0
0
0
0
0
0
0
0
0
0
0
0
0
0
0
---------------
core-command-client
0
0
0
0
0
0
1
2
0
0
0
2
0
0
0
0
0
0
0
0
0
0
2
0
5
0
1
5
2
0
0
3
1
0
0
0
0
0
0
0
0
0
0
0
0
0
0
0
0
0
0
0
---------------
core-config-seed
0
0
0
0
0
0
1
2
2
1
3
0
0
0
0
0
6
0
0
0
0
0
6
7
6
5
6
13
2
1
1
1
1
2
0
1
1
0
0
0
0
0
0
0
0
0
0
0
0
0
0
0
---------------
core-config-watcher
0
0
0
0
0
0
1
2
0
0
2
0
0
0
0
0
0
0
0
0
0
0
0
2
2
0
0
4
2
0
0
2
0
0
0
0
0
0
0
0
0
0
0
0
0
0
0
0
0
0
0
0
---------------
core-data
0
0
0
0
0
0
1
2
0
2
0
2
0
0
0
0
2
0
0
0
0
3
6
1
5
2
0
8
4
1
1
1
2
0
0
1
0
0
0
0
0
0
0
0
0
0
0
0
0
0
0
0
---------------
core-data-client
0
0
0
0
0
0
1
2
0
0
0
2
0
0
0
0
0
0
0
0
0
1
2
0
0
2
0
3
2
0
0
2
0
0
0
0
0
0
0
0
0
0
0
0
0
0
0
0
0
0
0
0
---------------
core-domain
0
0
0
0
0
0
1
2
0
0
2
0
0
0
0
0
0
2
0
0
2
2
0
2
2
0
1
6
8
0
0
2
1
0
0
3
2
0
0
0
0
0
0
0
0
0
0
0
0
0
0
0
---------------
core-exception
0
0
0
0
0
0
1
2
0
0
2
0
0
0
0
0
0
2
0
0
2
3
0
0
2
0
0
5
2
0
0
2
0
0
0
0
0
0
0
0
0
0
0
0
0
0
0
0
0
0
0
0
---------------
core-metadata
0
0
0
0
0
0
1
2
0
0
0
2
0
0
0
0
2
0
0
0
2
13
0
2
2
2
0
6
5
1
1
2
1
0
0
0
0
0
2
0
0
0
0
0
0
0
0
0
0
0
0
0
---------------
core-metadata-client
0
0
0
0
0
0
1
2
0
0
0
2
0
0
0
0
0
0
0
0
3
2
0
0
7
0
0
5
4
0
0
2
0
0
0
0
0
0
0
0
0
0
0
0
0
0
0
0
0
0
0
0
---------------
core-test
0
0
0
0
0
0
1
2
0
0
2
0
0
0
0
0
0
2
0
2
2
3
4
2
2
0
0
5
2
0
0
2
0
0
0
0
0
0
0
0
0
0
0
0
0
0
0
0
0
0
0
0
---------------
developer-scripts
0
0
0
0
0
0
1
4
0
0
0
2
1
0
0
0
0
0
0
2
3
0
9
12
14
0
2
0
4
0
0
0
9
3
0
4
7
1
0
1
0
0
0
4
2
3
1
0
0
0
2
0
---------------
device-sdk
0
0
0
0
0
0
1
2
0
0
0
3
2
0
0
0
0
1
3
2
0
0
0
2
0
0
5
3
6
1
1
1
1
0
0
1
1
0
0
0
0
0
0
0
0
0
0
0
0
0
0
0
---------------
device-sdk-tools
0
0
0
0
0
0
1
2
0
0
0
1
0
0
0
3
0
0
24
3
0
0
0
2
0
0
1
3
2
1
1
0
2
0
0
1
1
0
0
0
0
0
0
0
0
0
0
0
0
0
0
0
---------------
device-virtual
0
0
0
0
0
0
1
2
2
4
1
3
2
0
0
0
4
2
0
2
0
2
0
4
9
2
1
5
2
1
1
1
1
0
0
2
1
0
0
0
0
0
0
0
0
0
0
2
0
0
0
0
---------------
export-client
0
0
0
0
0
0
0
3
0
0
0
2
0
0
0
0
2
0
0
0
0
4
0
2
2
2
0
4
6
1
1
1
0
0
0
0
0
0
0
0
0
0
0
0
0
0
0
0
0
0
0
0
---------------
export-distro
0
0
0
0
0
0
0
3
0
2
0
2
0
0
0
0
2
0
0
0
0
7
3
5
5
6
1
7
11
1
1
1
0
0
0
0
0
0
0
0
0
0
0
1
1
0
0
0
0
0
0
0
---------------
export-domain
0
0
0
0
0
0
3
0
0
0
2
0
0
0
0
0
0
0
0
0
0
3
0
1
3
0
0
4
2
0
0
2
0
0
0
0
0
0
0
0
0
0
0
0
0
0
0
0
0
0
0
0
---------------
export-test
0
0
0
0
0
0
0
3
0
0
0
2
0
0
0
0
0
0
0
0
0
2
0
0
2
0
0
4
4
0
0
1
1
0
0
0
0
0
0
0
0
0
0
0
0
0
0
0
0
0
0
0
---------------
support-domain
0
0
0
0
0
0
0
3
0
0
2
0
0
0
0
0
0
0
2
0
2
3
0
0
2
0
0
4
2
0
0
2
0
0
0
0
0
0
0
0
0
0
0
0
0
0
0
0
0
0
0
0
---------------
support-logging
0
0
0
0
0
0
0
3
0
0
2
0
0
0
0
0
5
0
3
2
2
5
0
2
4
2
0
5
2
1
1
1
0
0
0
0
0
0
0
0
0
0
0
0
0
0
0
0
0
0
0
0
---------------
support-logging-client
0
0
0
0
0
0
0
3
0
0
2
0
0
0
0
0
0
0
0
4
2
3
0
0
2
0
0
4
2
0
0
2
0
0
0
0
0
0
0
0
0
0
0
0
0
0
0
0
0
0
0
0
---------------
support-notifications
0
0
0
0
0
0
0
3
0
0
0
2
0
0
0
0
0
0
0
0
3
5
0
2
4
2
0
5
1
0
0
1
2
0
0
0
0
0
0
0
0
0
0
0
0
0
0
2
0
2
2
0
---------------
support-notifications-client
0
0
0
0
0
0
0
3
0
0
0
2
0
0
0
0
0
0
0
0
2
3
0
0
2
0
0
4
2
0
0
2
0
0
0
0
0
0
0
0
0
0
0
0
0
0
0
0
0
0
0
0
---------------
support-rulesengine
0
0
0
0
0
0
0
3
0
0
0
2
0
0
0
0
2
0
0
0
0
2
0
2
6
2
0
4
3
1
2
2
0
0
0
0
0
0
0
0
0
0
0
0
0
0
0
2
0
0
0
0
---------------
support-scheduler
0
0
0
0
0
0
0
3
0
1
1
2
0
0
0
0
2
0
0
0
1
4
0
4
5
2
0
4
1
3
1
1
0
0
0
0
0
0
0
0
1
0
1
0
0
0
0
0
0
0
0
0
---------------
device-bacnet
0
0
0
0
0
0
0
0
0
0
0
0
0
0
0
0
0
0
0
6
0
8
4
5
6
4
1
5
2
1
1
1
1
0
0
1
1
0
0
0
0
0
6
1
6
0
0
0
0
1
0
0
---------------
device-bluetooth
0
0
0
0
0
0
0
0
0
0
0
0
0
0
0
0
0
0
0
5
0
8
0
5
8
2
1
10
2
1
1
1
1
0
0
1
1
0
0
0
0
0
3
0
0
0
0
0
0
0
0
0
---------------
device-fischertechnik
0
0
0
0
0
0
0
0
0
0
0
0
0
0
0
0
0
0
0
3
0
8
4
2
5
2
1
5
2
1
1
1
1
0
0
1
1
0
0
0
0
0
0
0
0
0
0
0
0
0
0
0
---------------
device-modbus
0
0
0
0
0
0
0
0
0
0
0
0
0
0
0
0
0
0
0
3
0
8
4
2
8
2
1
5
3
1
1
3
1
0
2
1
1
0
0
0
0
0
1
0
1
0
0
0
0
0
0
0
---------------
device-mqtt
0
0
0
0
0
0
0
0
0
0
0
0
0
0
0
0
0
0
0
3
0
6
2
0
2
3
2
3
2
1
1
1
1
0
0
1
1
0
0
0
0
0
0
3
0
0
0
0
0
0
0
0
---------------
device-snmp
0
0
0
0
0
0
0
0
0
0
0
0
0
0
0
0
0
0
0
3
0
8
4
2
7
2
1
5
2
1
1
1
3
0
0
3
1
0
0
0
0
0
0
0
0
0
0
0
0
0
0
0
---------------
device-domain
0
0
0
0
0
0
0
0
0
0
0
0
0
0
0
0
0
0
0
0
0
0
0
0
0
0
0
0
0
0
0
0
8
2
6
6
5
0
0
0
0
0
0
0
0
0
0
0
0
0
0
0
---------------
device-controller
0
0
0
0
0
0
0
0
0
0
0
0
0
0
0
0
0
0
0
0
0
0
0
0
0
0
0
0
0
0
0
0
4
0
3
9
0
0
0
0
0
0
0
0
0
0
0
0
0
0
0
0
---------------
blackbox-testing
0
0
0
0
0
0
0
0
0
0
0
0
0
0
0
0
0
0
0
0
0
0
0
0
0
0
0
0
0
0
0
0
1
1
1
2
0
0
0
4
4
1
0
0
1
0
0
0
0
0
0
0
---------------
export-go
0
0
0
0
0
0
0
0
0
0
0
0
0
0
0
0
0
0
0
0
0
0
0
0
0
0
0
0
0
0
0
0
0
0
1
0
0
0
0
0
7
2
2
5
29
5
2
0
0
0
0
0
---------------
consul-client-go
0
0
0
0
0
0
0
0
0
0
0
0
0
0
0
0
0
0
0
0
0
0
0
0
0
0
0
0
0
0
0
0
0
0
1
10
0
0
0
0
0
0
0
0
0
0
0
0
0
0
0
0
---------------
core-clients-go
0
0
0
0
0
0
0
0
0
0
0
0
0
0
0
0
0
0
0
0
0
0
0
0
0
0
0
0
0
0
0
0
0
0
1
6
5
0
0
2
2
0
0
0
0
0
0
1
0
0
0
0
---------------
core-command-go
0
0
0
0
0
0
0
0
0
0
0
0
0
0
0
0
0
0
0
0
0
0
0
0
0
0
0
0
0
0
0
0
0
0
3
11
16
11
1
5
0
0
0
0
0
0
0
0
0
0
2
0
---------------
core-data-go
0
0
0
0
0
0
0
0
0
0
0
0
0
0
0
0
0
0
0
0
0
0
0
0
0
0
0
0
0
0
0
0
0
0
1
2
8
9
2
9
0
0
0
0
0
0
0
0
0
0
0
0
---------------
core-domain-go
0
0
0
0
0
0
0
0
0
0
0
0
0
0
0
0
0
0
0
0
0
0
0
0
0
0
0
0
0
0
0
0
0
0
1
8
19
17
1
1
0
2
1
0
0
0
0
0
0
0
0
0
---------------
core-metadata-go
0
0
0
0
0
0
0
0
0
0
0
0
0
0
0
0
0
0
0
0
0
0
0
0
0
0
0
0
0
0
0
0
0
0
1
19
27
6
1
5
0
0
0
0
0
0
0
0
0
0
0
0
---------------
support-logging-client-go
0
0
0
0
0
0
0
0
0
0
0
0
0
0
0
0
0
0
0
0
0
0
0
0
0
0
0
0
0
0
0
0
0
0
1
5
0
0
2
3
0
0
0
0
0
0
0
0
0
0
0
0
---------------
support-notifications-client-go
0
0
0
0
0
0
0
0
0
0
0
0
0
0
0
0
0
0
0
0
0
0
0
0
0
0
0
0
0
0
0
0
0
0
1
3
0
0
0
0
0
0
0
0
0
0
0
0
0
0
0
0
---------------
support-domain-go
0
0
0
0
0
0
0
0
0
0
0
0
0
0
0
0
0
0
0
0
0
0
0
0
0
0
0
0
0
0
0
0
0
0
1
8
0
2
0
0
0
0
0
0
0
0
0
0
0
0
0
0
---------------
device-scheduling
0
0
0
0
0
0
0
0
0
0
0
0
0
0
0
0
0
0
0
0
0
0
0
0
0
0
0
0
0
0
0
0
0
0
0
3
0
0
0
0
0
0
0
0
0
0
0
0
0
0
0
0
---------------
edgex-go
0
0
0
0
0
0
0
0
0
0
0
0
0
0
0
0
0
0
0
0
0
0
0
0
0
0
0
0
0
0
0
0
0
0
12
72
75
45
7
25
7
4
4
5
48
1
9
70
63
24
57
13
---------------
jenkins_pipeline_presentation
0
0
0
0
0
0
0
0
0
0
0
0
0
0
0
0
0
0
0
0
0
0
0
0
0
0
0
0
0
0
0
0
0
0
0
0
0
0
0
0
0
0
0
0
0
0
2
0
0
0
0
0
---------------
core-config-seed-go
0
0
0
0
0
0
0
0
0
0
0
0
0
0
0
0
0
0
0
0
0
0
0
0
0
0
0
0
0
0
0
0
0
0
0
0
0
0
0
0
0
0
0
0
0
0
0
0
0
0
0
1
